episode,reward,score,x-pos,y-pos,z-pos
1,-1,0,0.279209833836,0.339750821477,0.0
2,-1,0,0.277489513337,0.327017910347,0.0
3,-1,0.25458697922,0.301917653528,0.173704560762,0.0
4,-1,0.299776349927,0.76065723639,-0.0710007542073,0.0
5,-1,0.299776349927,-0.28203419305,-0.0370944810431,0.0
6,-1,0.299776349927,-0.000799769728131,0.0275269528632,0.0
7,-1,0.299776349927,-0.000148882468184,0.00126110038131,0.0
8,-1,0.299776349927,0.00755035426459,7.49611812649e-05,0.0
9,-1,0.299776349927,0.152596960669,1.70554824982e-07,0.0
10,-1,0.299776349927,0.365445233646,-2.68939944406e-05,0.0
11,-1,0.300146793431,0.771016515372,0.000180083859235,0.0
12,-1,0.300146793431,-1.19082787925,0.000680054358979,0.0
13,-1,0.300165907232,-0.641244036142,-0.0100419885272,0.0
14,-1,0.303830619658,-13.2208164676,-1.52721464034,0.0
15,-1,0.303830619658,2.72714441111,2.00123105096,0.0
16,-1,0.303830619658,2.05127172675,1.91433242442,0.0
17,-1,0.303830619658,-3.10244959485,1.41743829521,0.0
18,0.0105411100241,0.303830619658,-2.44376559449,29.0869590942,34.2575353667
19,0.825041609061,0.427496790716,-3.20838069061,3.11552000119,37.1791600649
20,0.817148988273,0.455769192458,-3.36786877992,-2.86288986448,36.9211692331
21,0.594414759505,0.455769192458,-3.1352836169,10.5635176358,36.680956513
22,-1,0.455769192458,-10.0899663121,1.88971906606,0.0
23,-1,0.455769192458,2.57323022048,1.9313244732,0.0
24,-1,0.455769192458,-0.538827773074,1.95660275404,0.0
25,-1,0.455769192458,-2.93501473474,1.93427757465,0.0
26,-1,0.455769192458,1.88788142753,1.9852316516,0.0
27,-1,0.455769192458,-7.8783533114,2.78236438734,0.0
28,-1,0.455769192458,-1.15983633255,-0.35514899305,0.0
29,-1,0.455769192458,-3.31250452761,3.00910000611,0.0
30,-1,0.455769192458,-4.01116083757,0.981809997758,0.0
31,-1,0.455769192458,2.08070820564,2.54105206122,0.0
32,0.493868455882,0.455769192458,-3.19551345533,13.7008500981,36.6045426265
33,-1,0.455769192458,-2.04950482336,4.82095613077,0.0
34,-1,0.455769192458,2.61736539813,-4.47520357103,0.0
35,-1,0.455769192458,-1.04561090439,6.47433127745,0.0
36,-1,0.455769192458,-1.79685689543,4.29807324227,0.0
37,-1,0.455769192458,-1.93452027921,0.485130830663,0.0
38,-1,0.455769192458,-3.77318971009,-1.54010912237,0.0
39,-1,0.455769192458,-3.02457036748,2.15731175901,0.0
40,-1,0.455769192458,-1.104199352,-2.31381000598,0.0
41,-1,0.455769192458,-1.6259701201,-3.65550173361,0.0
42,-1,0.455769192458,-1.87308020924,0.152503972282,0.0
43,-1,0.455769192458,-2.75994079147,-3.80574143488,0.0
44,-1,0.455769192458,-1.91887977395,2.70779430368,0.0
45,-1,0.455769192458,-2.03247907212,3.52869563556,0.0
46,-1,0.455769192458,-1.3599383445,0.755832684646,0.0
47,-1,0.455769192458,-0.60758170648,0.0893291876399,0.0
48,-1,0.455769192458,-0.654700422717,-0.486347299425,0.0
49,-1,0.455769192458,-1.78164279438,0.496568044207,0.0
50,-1,0.455769192458,-1.64239983552,4.08254081723,0.0
51,-1,0.455769192458,-1.81960672274,-0.144562922903,0.0
52,-1,0.455769192458,1.86230329818,-1.86855521496,0.0
53,-1,0.455769192458,-1.47543441312,-2.89170209348,0.0
54,-1,0.455769192458,-0.616710323561,-3.44311421361,0.0
55,-1,0.455769192458,-1.30240654738,3.24988505184,0.0
56,-1,0.455769192458,-1.51361972151,5.97837235539,0.0
57,-1,0.455769192458,-0.00406491491081,-0.883742804329,0.0
58,-1,0.455769192458,-0.218291151882,4.07974111694,0.0
59,-1,0.455769192458,-1.35696040273,4.79199370676,0.0
60,-1,0.455769192458,-0.341067680398,-2.3637687824,0.0
61,-1,0.455769192458,-0.13433024073,-0.827936227163,0.0
62,-1,0.455769192458,-1.21024144927,0.38645063067,0.0
63,-1,0.455769192458,-1.4861237553,-1.11537237458,0.0
64,-1,0.455769192458,-1.12345734503,0.775485342171,0.0
65,-1,0.455769192458,-1.80079952637,-1.61466334075,0.0
66,-1,0.455769192458,-1.09224989155,2.71806870401,0.0
67,-1,0.455769192458,-2.44598889068,0.181500391703,0.0
68,-1,0.455769192458,-0.0881295717808,-1.51860116247,0.0
69,-1,0.455769192458,-0.78540057592,1.52228178258,0.0
70,-1,0.455769192458,-1.51541583266,1.96638314888,0.0
71,-1,0.455769192458,-2.81462262384,-1.82799114798,0.0
72,-1,0.455769192458,-2.05016817186,-6.00423620184,0.0
73,-1,0.455769192458,-0.364156142501,-3.07461774773,0.0
74,-1,0.455769192458,-0.238079004897,-7.31644842313,0.0
75,-1,0.455769192458,-1.56366642668,2.28047867401,0.0
76,-1,0.455769192458,-1.30239380116,0.010474102491,0.0
77,-1,0.455769192458,-2.17064704269,2.87952770873,0.0
78,-1,0.455769192458,-4.36830724255,-0.730453057576,0.0
79,-1,0.455769192458,-4.03380467283,-0.301775328576,0.0
80,-1,0.455769192458,-2.10184394246,4.34590786719,0.0
81,-1,0.455769192458,-4.31520640735,3.18902634049,0.0
82,-1,0.455769192458,-1.32448036765,0.670467009512,0.0
83,-1,0.455769192458,-3.14762479503,0.648862768459,0.0
84,-1,0.455769192458,-1.19563832523,-0.959671398714,0.0
85,-1,0.455769192458,-1.38795701015,2.22380832705,0.0
86,-1,0.455769192458,-2.84765002607,2.13245549831,0.0
87,-1,0.455769192458,-3.19728430974,-0.405205740188,0.0
88,-1,0.455769192458,-0.0154396708639,-0.86930235242,0.0
89,-1,0.455769192458,-4.33083332825,-0.156263647058,0.0
90,-1,0.455769192458,-4.92727440505,-2.98559512976,0.0
91,-1,0.455769192458,-5.13910782637,-0.473129988244,0.0
92,-1,0.455769192458,-1.72723930917,0.324433600481,0.0
93,-1,0.455769192458,-2.55928702588,0.578389184637,0.0
94,-1,0.455769192458,-1.3995749061,1.01160708233,0.0
95,-1,0.455769192458,-1.40816956569,0.78883904858,0.0
96,-1,0.455769192458,-3.77077016309,-0.217176847516,0.0
97,-1,0.455769192458,-1.76341420382,-0.0314006272058,0.0
98,-1,0.455769192458,0.339050698424,-3.36205553473,0.0
99,-1,0.455769192458,-0.595156420751,-1.58621708171,0.0
100,-1,0.455769192458,-1.86968673788,0.628466282372,0.0
101,-1,0.455769192458,-2.21248953374,0.109449512274,0.0
102,-1,0.455769192458,-1.55716597028,2.21067898223,0.0
103,-1,0.455769192458,-3.41656197536,1.41012120591,0.0
104,-1,0.455769192458,-1.41140271853,0.798493038831,0.0
105,-1,0.455769192458,-2.03186435241,1.41099023835,0.0
106,-1,0.455769192458,-1.68335157682,0.686873320411,0.0
107,-1,0.455769192458,-3.92881746397,0.413510234524,0.0
108,-1,0.455769192458,-0.912278517158,0.0506517515666,0.0
109,-1,0.455769192458,-1.74934902403,2.01777987832,0.0
110,-1,0.455769192458,-0.718838341607,-1.49876208622,0.0
111,-1,0.455769192458,-1.63383359722,2.16183340309,0.0
112,-1,0.455769192458,-2.44039610589,-0.205554757677,0.0
113,-1,0.455769192458,-1.84081704028,1.31545763876,0.0
114,-1,0.455769192458,-2.06239682771,-1.76751640971,0.0
115,-1,0.455769192458,-2.17419433389,0.985674089041,0.0
116,-1,0.455769192458,-1.00434889919,-0.457002482007,0.0
117,-1,0.455769192458,-1.82628204504,-1.22633043498,0.0
118,-1,0.455769192458,-2.64194655337,0.738867189664,0.0
119,-1,0.455769192458,-0.250305393155,-0.108599444945,0.0
120,-1,0.455769192458,-1.2561162639,2.10371603546,0.0
121,-1,0.455769192458,-1.45142243126,1.93442730492,0.0
122,-1,0.455769192458,-1.81544913199,-0.555067504436,0.0
123,-1,0.455769192458,-0.503205750168,0.235229573212,0.0
124,-1,0.455769192458,-1.38399011739,1.52341524675,0.0
125,-1,0.455769192458,-1.90076935893,0.0700371554034,0.0
126,-1,0.455769192458,-2.32787602825,0.935668173833,0.0
127,-1,0.455769192458,-1.88308466428,-0.541766000154,0.0
128,-1,0.455769192458,-2.03220856176,-0.170904952882,0.0
129,-1,0.455769192458,-1.83830938988,0.748654014873,0.0
130,-1,0.455769192458,-1.90118743478,0.331523461463,0.0
131,-1,0.455769192458,-1.86092701853,0.905755594375,0.0
132,-1,0.455769192458,-2.06912352251,-1.4014092363,0.0
133,-1,0.455769192458,-1.89954342966,-0.0104894351599,0.0
134,-1,0.455769192458,-1.2087202824,0.979520393415,0.0
135,-1,0.455769192458,-0.947301188645,1.72465682812,0.0
136,-1,0.455769192458,6.54734182617,0.90989865579,0.0
137,-1,0.455769192458,-2.40143957704,0.644372428608,0.0
138,-1,0.455769192458,-1.89308258535,-0.464844101869,0.0
139,-1,0.455769192458,-1.95002340716,-0.548814634154,0.0
140,-1,0.455769192458,-1.51294914352,2.06653673592,0.0
141,-1,0.455769192458,-0.836446647116,-2.13899774827,0.0
142,-1,0.455769192458,-2.04810561208,-1.49868369904,0.0
143,-1,0.455769192458,-2.06190870453,-1.27461714834,0.0
144,-1,0.455769192458,-2.02698900186,0.33972771746,0.0
145,-1,0.455769192458,-2.55123409362,-3.14545640734,0.0
146,-1,0.455769192458,-1.85085349725,0.0378134639187,0.0
147,-1,0.455769192458,-1.91272705989,0.152590682001,0.0
148,-1,0.455769192458,-1.75021101762,-0.903568347317,0.0
149,-1,0.455769192458,-2.60116540677,-0.864310049735,0.0
150,-1,0.455769192458,-0.934339923658,-1.62260875802,0.0
151,-1,0.455769192458,-1.29286975498,1.59281580905,0.0
152,-1,0.455769192458,-1.28207888289,0.886191283146,0.0
153,-1,0.455769192458,-1.09716214586,2.01415317383,0.0
154,-1,0.455769192458,-1.04117442507,1.0867405559,0.0
155,-1,0.455769192458,-1.08687484372,2.73670677705,0.0
156,-1,0.455769192458,-1.32447828898,1.58526611031,0.0
157,-1,0.455769192458,-1.24986976323,1.44776017049,0.0
158,-1,0.455769192458,-0.870163552731,1.18949916485,0.0
159,-1,0.455769192458,-1.1918281795,1.3036550368,0.0
160,-1,0.455769192458,-1.20108465894,1.50474663243,0.0
161,-1,0.455769192458,-1.22481392628,1.26450617849,0.0
162,-1,0.455769192458,-1.23539691878,1.64258067689,0.0
163,-1,0.455769192458,-1.28055040505,1.61182413969,0.0
164,-1,0.455769192458,-1.2786002002,1.59644990694,0.0
165,-1,0.455769192458,-1.28317675445,1.62530229403,0.0
166,-1,0.455769192458,-4.99054717617,0.834048749806,0.0
167,-1,0.455769192458,-0.403353796177,5.08840179813,0.0
168,-1,0.455769192458,-0.896596306504,3.0582979491,0.0
169,-1,0.455769192458,-0.916154520978,2.76754293312,0.0
170,-1,0.455769192458,-0.468516160599,1.44644596014,0.0
171,-1,0.455769192458,-0.999824361422,1.76522935917,0.0
172,-1,0.455769192458,-1.12195019762,0.816240542295,0.0
173,-1,0.455769192458,-0.59661368007,3.05071916471,0.0
174,-1,0.455769192458,-0.820119932094,2.06760856015,0.0
175,-1,0.455769192458,-1.37696651466,2.9548663643,0.0
176,-1,0.455769192458,-2.03000109575,0.249726218262,0.0
177,-1,0.455769192458,-1.39308932374,-0.826421796169,0.0
178,-1,0.455769192458,-1.5995835225,3.18687955335,0.0
179,-1,0.455769192458,-2.60402263326,-4.05489421284,0.0
180,-1,0.455769192458,0.136876391026,2.10613451924,0.0
181,-1,0.455769192458,-1.45216699458,-0.44589428075,0.0
182,-1,0.455769192458,1.148400408,-3.23442515795,0.0
183,-1,0.455769192458,-2.95918491687,-0.908222900779,0.0
184,-1,0.455769192458,2.05269807635,1.64280255916,0.0
185,-1,0.455769192458,-3.37776098187,1.39681011953,0.0
186,-1,0.455769192458,-1.35226464689,0.254764068176,0.0
187,-1,0.455769192458,-0.439044355203,8.77537574109,0.0
188,-1,0.455769192458,-1.04424819201,-3.67569704042,0.0
189,0.281726110398,0.455769192458,-3.78773838339,12.1355072006,28.732577978
190,-1,0.455769192458,-0.681889680206,8.2099861423,0.0
191,-1,0.455769192458,1.81665138903,-7.2801944218,0.0
192,-1,0.455769192458,0.605513110883,3.84019334126,0.0
193,-1,0.455769192458,-0.73275740571,9.98394190645,0.0
194,-1,0.455769192458,-2.09434390697,2.55622619659,0.0
195,-1.0,0.455769192458,-8.20054618836,28.7805470789,9.63291520414
196,-1,0.455769192458,-0.378492616524,-0.87706440064,0.0
197,-1,0.455769192458,-4.20357971295,23.5014512914,0.0
198,-1,0.455769192458,-5.96752358619,-2.8711970018,0.0
199,0.795310376687,0.455769192458,-3.44794337571,3.53218517214,37.0653760132
200,-1,0.455769192458,-2.37789386701,-4.12544612969,0.0
201,-1,0.455769192458,-2.70365481088,4.79337562982,0.0
202,-1,0.455769192458,-3.56890365947,-2.10112953062,0.0
203,-1,0.455769192458,-0.855300236449,1.15244964793,0.0
204,-1,0.455769192458,-3.17183669371,18.3399553682,0.0
205,-1,0.455769192458,-2.05687871131,-0.623541273536,0.0
206,-1,0.455769192458,-1.79709493581,1.30155760695,0.0
207,-1,0.455769192458,-2.54189670068,-8.03849981601,0.0
208,0.685086239598,0.455769192458,-2.98290646099,8.28610853997,37.1870360811
209,-1,0.455769192458,-1.22316403548,-1.91099927188,0.0
210,-1,0.455769192458,-2.2609041227,-1.44185268437,0.0
211,-1,0.455769192458,-1.84708910564,20.4040678917,0.0
212,-1,0.455769192458,0.477613674807,0.705589608935,0.0
213,-1,0.455769192458,-1.51308162871,0.782490221593,0.0
214,-1,0.455769192458,-1.81753835457,17.8267621147,0.0
215,-1,0.455769192458,-1.19570592967,6.51383649247,0.0
216,-1,0.455769192458,-1.8102431966,18.854973502,0.0
217,-1,0.455769192458,-1.05562955127,-3.0659361223,0.0
218,-1,0.455769192458,-1.55494644367,16.3386836716,0.0
219,-1,0.455769192458,-3.91870336296,-0.121522038242,0.0
220,-1,0.455769192458,-2.02879094677,-0.694504989953,0.0
221,-1,0.455769192458,-2.33018540193,-1.35396762573,0.0
222,-1,0.455769192458,-1.67901125087,5.87270946421,0.0
223,-1,0.455769192458,-2.68721487705,6.12970791349,0.0
224,-1,0.455769192458,-2.81022471092,-2.55968524938,0.0
225,-1,0.455769192458,-4.02630290554,-2.20401555323,0.0
226,-1,0.455769192458,-0.893715381899,3.28137852361,0.0
227,-1,0.455769192458,-0.294133324872,-0.787444993761,0.0
228,-1,0.455769192458,-6.4942478791,-9.44046842528,0.0
229,0.00137110913967,0.455769192458,-1.22947858161,31.6301923672,34.0627974663
230,-1,0.455769192458,1.62325359351,2.88915879263,0.0
231,-1,0.455769192458,0.83144442502,1.80167154311,0.0
232,-1,0.455769192458,0.0846603180282,5.90023794719,0.0
233,-1,0.455769192458,-17.441857464,2.57926254792,0.0
234,-1,0.455769192458,-2.73831469134,0.638424906235,0.0
235,-1,0.455769192458,-14.9791596906,32.0693345348,0.0
236,-1.0,0.455769192458,-26.2237020358,11.8637363174,10.739071005
237,-1,0.455769192458,-24.4129768689,19.8495116885,0.0
238,-1.0,0.455769192458,-45.5435700375,5.01116381971,8.82448088429
239,-1,0.455769192458,-1.25397920641,3.72974450104,0.0
240,-1,0.455769192458,-12.6943255134,10.2827101312,0.0
241,-1,0.455769192458,-12.5982987763,7.51983888599,0.0
242,-1,0.455769192458,1.31516398739,9.51282223222,0.0
243,-1,0.455769192458,-12.3023351625,14.1625549847,0.0
244,-1,0.455769192458,-0.96299225132,2.40858680643,0.0
245,-1,0.455769192458,2.65250011825,3.65752949051,0.0
246,-1,0.455769192458,-1.63608021433,1.38845607141,0.0
247,-1,0.455769192458,-2.74554276137,2.14623193868,0.0
248,-1,0.455769192458,-6.97703499841,4.23238759428,0.0
249,-1,0.455769192458,-0.651106983126,-3.74175303762,0.0
250,-1,0.455769192458,-1.47284238253,-3.62804112817,0.0
251,-1,0.455769192458,1.44121168046,2.51023823629,0.0
252,-1,0.455769192458,-0.776776839536,2.39015384494,0.0
253,-1,0.455769192458,-2.42423835696,1.35424544263,0.0
254,-1,0.455769192458,1.74010869535,3.62425605648,0.0
255,-1,0.455769192458,1.05008693954,3.65924467876,0.0
256,-1,0.455769192458,-2.39046165578,2.43830709496,0.0
257,-1,0.455769192458,-1.16427478599,0.716091815045,0.0
258,-1,0.455769192458,-1.13622544568,-0.263205007857,0.0
259,-1,0.455769192458,-1.02045931732,2.60068177227,0.0
260,-1,0.455769192458,-1.40887469996,1.70374947153,0.0
261,-1,0.455769192458,-3.27110437996,2.27066129934,0.0
262,-1,0.455769192458,-3.46573763864,-6.83217193768,0.0
263,-1,0.455769192458,-3.14289152525,0.684118218605,0.0
264,-1,0.455769192458,-1.70635766633,1.18486733452,0.0
265,-1,0.455769192458,-1.65587623588,2.23604513601,0.0
266,-1,0.455769192458,1.29644208793,0.473664265988,0.0
267,-1,0.455769192458,-0.10173207276,0.994727110686,0.0
268,-1,0.455769192458,-3.6995705401,3.56211483329,0.0
269,-1,0.455769192458,0.973231211826,5.24860227535,0.0
270,-1,0.455769192458,8.6328769242,-2.16385324595,0.0
271,-1,0.455769192458,-4.16008973242,4.45542672479,0.0
272,-1,0.455769192458,-0.210821845815,1.90364574865,0.0
273,-1,0.455769192458,-2.50709565331,0.576496549087,0.0
274,-1,0.455769192458,-1.76020243122,3.29849979893,0.0
275,-1,0.455769192458,-2.09062863206,1.25408939639,0.0
276,-1,0.455769192458,-0.955004824908,3.63308677239,0.0
277,-1,0.455769192458,-3.05373909115,1.43472858971,0.0
278,-1,0.455769192458,-4.55684467338,0.686429201398,0.0
279,-1,0.455769192458,-3.36410164881,6.10969267816,0.0
280,-1,0.455769192458,-3.99198813473,7.26144722004,0.0
281,-1,0.455769192458,0.299464422897,4.77234081664,0.0
282,-1,0.455769192458,-0.418173189728,5.70115756721,0.0
283,-1,0.455769192458,-1.27095670181,3.0933093496,0.0
284,-1,0.455769192458,-7.11812974492,2.34035199061,0.0
285,-1,0.455769192458,-3.45787806599,2.81970385762,0.0
286,-1,0.455769192458,-1.7806416904,1.69539931409,0.0
287,-1,0.455769192458,-1.9068310744,3.96012925575,0.0
288,-1,0.455769192458,-2.30945617397,2.07294486579,0.0
289,-1,0.455769192458,1.25776709597,-0.779237457266,0.0
290,-1,0.455769192458,-1.59210908415,3.39042678151,0.0
291,-1,0.455769192458,-6.05220985645,2.79359110848,0.0
292,-1,0.455769192458,-2.60592588701,-0.852035302293,0.0
293,-1,0.455769192458,-2.17302324546,1.84601991825,0.0
294,-1,0.455769192458,-2.62291085651,5.32377315754,0.0
295,-1,0.455769192458,0.436582824641,-1.64965063467,0.0
296,-1,0.455769192458,-2.12366114665,-0.528719845362,0.0
297,-1,0.455769192458,0.0737591188974,0.0312263939139,0.0
298,-1,0.455769192458,1.66838592173,-2.68870207384,0.0
299,-1,0.455769192458,-2.72915132435,3.21797110994,0.0
300,-1,0.455769192458,-6.46906469286,3.31809265513,0.0
301,-1,0.455769192458,-7.3431463478,1.62832762172,0.0
302,-1,0.455769192458,-1.34508004171,-0.369722510162,0.0
303,-1,0.455769192458,-6.53603113431,3.16449363438,0.0
304,-1,0.455769192458,-0.992261524007,0.436632892861,0.0
305,-1,0.455769192458,-0.160592312782,1.92249419844,0.0
306,-1,0.455769192458,-0.229464627967,0.809123682473,0.0
307,-1,0.455769192458,0.485475609266,-0.81831151366,0.0
308,-1,0.455769192458,0.219371344109,-0.621304148634,0.0
309,-1,0.455769192458,-0.164245323752,-3.39756739126,0.0
310,-1,0.455769192458,-1.57041476622,-4.88200294614,0.0
311,-1,0.455769192458,-1.10554236831,-2.65063871293,0.0
312,-1,0.455769192458,-1.15806431325,-0.0185153651068,0.0
313,-1,0.455769192458,-0.550716035249,-7.65752036972e-08,0.0
314,-1,0.455769192458,-0.750054544228,-0.147361815763,0.0
315,-1,0.455769192458,-0.519647344234,-5.07076989776e-07,0.0
316,-1,0.455769192458,-0.234116957481,-0.0902955776094,0.0
317,-1,0.455769192458,-0.729883486366,-0.0166262300879,0.0
318,-1,0.455769192458,-0.349476019917,-7.49676924391e-05,0.0
319,-1,0.455769192458,0.827948277879,0.00363531448967,0.0
320,-1,0.455769192458,1.40344261695,-0.000707435254663,0.0
321,-1,0.455769192458,-1.67973462651,2.13913314441e-05,0.0
322,-1,0.455769192458,-0.274782869979,-1.62060364851e-05,0.0
323,-1,0.455769192458,-0.67629617032,1.193253809e-06,0.0
324,-1,0.455769192458,-0.390064121371,3.69489060311e-07,0.0
325,-1,0.455769192458,-1.00112249571,-1.74897005847e-07,0.0
326,-1,0.455769192458,-0.515187140271,-7.43415422956e-08,0.0
327,-1,0.455769192458,-0.824681108639,-3.79999539285e-06,0.0
328,-1,0.455769192458,-0.532439127487,1.0317906121e-07,0.0
329,-1,0.455769192458,0.236347050459,0.0107091719034,0.0
330,-1,0.455769192458,-0.116981424892,1.04973502397e-06,0.0
331,-1,0.455769192458,-0.59650361608,1.37330410582e-06,0.0
332,-1,0.455769192458,-4.74684011372e-06,2.25784458572e-06,0.0
333,-1,0.455769192458,0.907787191487,-0.0161552468477,0.0
334,-1,0.455769192458,-0.330829966592,0.439673992642,0.0
335,-1,0.455769192458,-1.00477037874,-4.05606463879e-06,0.0
336,-1,0.455769192458,1.06169818661,8.56347557809e-05,0.0
337,-1,0.455769192458,-1.2000139158,0.0811663808474,0.0
338,-1,0.455769192458,0.0392944676906,3.58094994352e-05,0.0
339,-1,0.455769192458,-0.586122538748,-4.00912517033e-07,0.0
340,-1,0.455769192458,-1.69332486634,-2.98870441336e-05,0.0
341,-1,0.455769192458,-1.13081069393,2.30102796004e-05,0.0
342,-1,0.455769192458,-0.945851055492,-8.26193376626e-07,0.0
343,-1,0.455769192458,0.397703661376,-6.7540543776e-08,0.0
344,-1,0.455769192458,5.16760849405,1.46185456012e-06,0.0
345,-1,0.455769192458,-1.16861733839,-0.540472374537,0.0
346,-1,0.455769192458,-0.924883453727,-0.21143092157,0.0
347,-1,0.455769192458,-0.804629988288,0.344037368136,0.0
348,-1,0.455769192458,-0.578839681442,-2.16044026214e-07,0.0
349,-1,0.455769192458,-0.59615933236,-5.64734818488e-07,0.0
350,-1,0.455769192458,-1.90229165092,6.66687445426e-05,0.0
351,-1,0.455769192458,-0.58657270933,-7.87419517444e-08,0.0
352,-1,0.455769192458,-0.58105105038,-1.41501048359e-07,0.0
353,-1,0.455769192458,-0.582466887692,-0.0040688247738,0.0
354,-1,0.455769192458,-0.58416229847,-2.42705846938e-07,0.0
355,-1,0.455769192458,-1.82146919473,7.06783152091e-07,0.0
356,-1,0.455769192458,2.69455130182,-0.288527784905,0.0
357,-1,0.455769192458,-1.20091059363,1.20425050414,0.0
358,-1,0.455769192458,-0.580976039315,-8.50497932137e-08,0.0
359,-1,0.455769192458,-0.729463940803,-2.0660694233e-06,0.0
360,-1,0.455769192458,-0.564906683606,-2.53234875827e-08,0.0
361,-1,0.455769192458,-0.440946065824,-7.16135540003e-06,0.0
362,-1,0.455769192458,-0.633939675787,-1.88548611003e-06,0.0
363,-1,0.455769192458,-0.579410331409,-2.4299353399e-08,0.0
364,-1,0.455769192458,-0.898494186901,8.84039182067e-06,0.0
365,-1,0.455769192458,-0.558959540782,-2.25776050714e-05,0.0
366,-1,0.455769192458,-0.596993498675,-3.24651721904e-07,0.0
367,-1,0.455769192458,-0.571748654918,-7.13188778768e-05,0.0
368,-1,0.455769192458,-0.576675627243,-1.30254227144e-05,0.0
369,-1,0.455769192458,-0.959874872404,-1.56276181958e-07,0.0
370,-1,0.455769192458,0.845930721851,-1.16463305364e-06,0.0
371,-1,0.455769192458,-0.41691927637,-1.10216606594e-06,0.0
372,-1,0.455769192458,3.28112525423,-0.43492020023,0.0
373,-1,0.455769192458,-0.578327045445,-0.00016514444953,0.0
374,-1,0.455769192458,-0.569864123728,-1.07354776535e-07,0.0
375,-1,0.455769192458,-0.190555797002,-4.36326698236e-05,0.0
376,-1,0.455769192458,-1.07463185052,-0.070036496814,0.0
377,-1,0.455769192458,-2.18932335676,0.230200468661,0.0
378,-1,0.455769192458,-0.572584839016,-5.12274309214e-07,0.0
379,-1,0.455769192458,-1.1007879966,-1.1069218618,0.0
380,-1,0.455769192458,-0.338769112745,-0.681089958107,0.0
381,-1,0.455769192458,-0.796804996165,-0.612388921146,0.0
382,-1,0.455769192458,-0.604028693989,-0.0123578072116,0.0
383,-1,0.455769192458,-2.38311676559,-0.530677823857,0.0
384,-1,0.455769192458,-1.7284658096,-1.3434646489,0.0
385,-1,0.455769192458,-1.28748766572,-0.030233662988,0.0
386,-1,0.455769192458,-2.05640785957,1.05739845971,0.0
387,-1,0.455769192458,-1.80184499195,-0.00775816556792,0.0
388,-1,0.455769192458,0.356565617459,0.871403223864,0.0
389,-1,0.455769192458,-1.53432500116,1.03601024402,0.0
390,-1,0.455769192458,-1.33950745256,0.284588715514,0.0
391,-1,0.455769192458,-1.42792009146,0.527927861681,0.0
392,-1,0.455769192458,-2.42531821869,0.826149649897,0.0
393,-1,0.455769192458,-2.74063217862,0.334531488212,0.0
394,-1,0.455769192458,-1.42851954551,-0.00178367467566,0.0
395,-1,0.455769192458,-4.470835437,0.669443484803,0.0
396,-1,0.455769192458,-0.362240257179,0.72344708885,0.0
397,-1,0.455769192458,-2.19793387658,0.341342546084,0.0
398,-1,0.455769192458,-2.41622128455,0.61317139181,0.0
399,-1,0.455769192458,-2.43622027882,0.657817538221,0.0
400,-1,0.455769192458,-2.56069995743,0.633107362928,0.0
401,-1,0.455769192458,-1.54796454184,0.370891658095,0.0
402,-1,0.455769192458,-2.9291059736,0.591131450576,0.0
403,-1,0.455769192458,0.0842262367292,-0.278307281827,0.0
404,-1,0.455769192458,-0.452615706633,-0.413824019438,0.0
405,-1,0.455769192458,-1.80150542382,1.68742423269,0.0
406,-1,0.455769192458,-2.68794844773,0.594693232293,0.0
407,-1,0.455769192458,-1.90326366468,0.58264232753,0.0
408,-1,0.455769192458,-2.73325064601,1.03325660344,0.0
409,-1,0.455769192458,-2.35106315898,-0.820243564924,0.0
410,-1,0.455769192458,-0.768980254661,0.931166981278,0.0
411,-1,0.455769192458,-3.5188001302,0.932502200378,0.0
412,-1,0.455769192458,-0.0885469316476,-1.05438519146,0.0
413,-1,0.455769192458,-1.48023811855,-2.63701079167,0.0
414,-1,0.455769192458,0.160471803546,0.137088308979,0.0
415,-1,0.455769192458,-0.40186938339,0.491490449368,0.0
416,-1,0.455769192458,-0.306491516094,-0.561671987456,0.0
417,-1,0.455769192458,0.256785856082,-0.386113076961,0.0
418,-1,0.455769192458,-0.931938354301,0.475740061822,0.0
419,-1,0.455769192458,0.185892697498,0.0820630872175,0.0
420,-1,0.455769192458,-1.94835621167,1.00577702532,0.0
421,-1,0.455769192458,-1.26997431895,1.35117513961,0.0
422,-1,0.455769192458,-2.46952939506,-0.077885523104,0.0
423,-1,0.455769192458,-1.06114264535,1.13090695104,0.0
424,-1,0.455769192458,-0.550582978581,0.877320685562,0.0
425,-1,0.455769192458,-0.23620838386,-0.909778686363,0.0
426,-1,0.455769192458,-2.86439691904,1.7133919228,0.0
427,-1,0.455769192458,-1.24088749258,0.842662943618,0.0
428,-1,0.455769192458,-0.897077630273,0.227408734775,0.0
429,-1,0.455769192458,-0.366082031461,0.49459579946,0.0
430,-1,0.455769192458,-0.582464502803,1.25823819528,0.0
431,-1,0.455769192458,-1.02253208521,2.52886282265,0.0
432,-1,0.455769192458,-1.01205548232,1.76994339462,0.0
433,-1,0.455769192458,-0.312114087287,-3.52227250496,0.0
434,-1,0.455769192458,-0.664838989533,-0.0590519203166,0.0
435,-1,0.455769192458,-0.43335585709,0.799565901208,0.0
436,-1,0.455769192458,-1.02124239606,1.85720524754,0.0
437,-1,0.455769192458,-0.865548894069,-1.28205840205,0.0
438,-1,0.455769192458,0.597261833222,-3.08684269312,0.0
439,-1,0.455769192458,-0.0249522752487,-1.03149079594,0.0
440,-1,0.455769192458,-0.111828371791,-1.76010962004,0.0
441,-1,0.455769192458,-0.925495967073,-0.0240810212068,0.0
442,-1,0.455769192458,-0.0384155209272,0.0575385962843,0.0
443,-1,0.455769192458,-0.567668590665,-2.63192741866e-08,0.0
444,-1,0.455769192458,-0.574756836744,-0.00188172049416,0.0
445,-1,0.455769192458,0.124873238424,0.215391457952,0.0
446,-1,0.455769192458,-1.26669239938,0.32215392826,0.0
447,-1,0.455769192458,-1.97868781405,1.77231777276,0.0
448,-1,0.455769192458,-1.55388692609,0.965328734221,0.0
449,-1,0.455769192458,-0.972439745417,0.332075603703,0.0
450,-1,0.455769192458,0.0968458386776,-0.919519243506,0.0
451,-1,0.455769192458,-0.896531050467,1.78030075273,0.0
452,-1,0.455769192458,-0.167307618254,1.71818278916,0.0
453,-1,0.455769192458,-1.09693371244,-1.66795153606,0.0
454,-1,0.455769192458,-0.506328538785,1.23853517498,0.0
455,-1,0.455769192458,-1.57420488859,0.260522080346,0.0
456,-1,0.455769192458,-1.87123677307,-0.202159245998,0.0
457,-1,0.455769192458,-0.179952044697,0.536500632243,0.0
458,-1,0.455769192458,-0.532045611919,-1.9520357747,0.0
459,-1,0.455769192458,-2.25450025698,1.64283206851,0.0
460,-1,0.455769192458,-0.724040244996,-0.957000666602,0.0
461,-1,0.455769192458,-1.33571162923,-0.0590420756008,0.0
462,-1,0.455769192458,-1.33259130334,0.106439279147,0.0
463,-1,0.455769192458,-1.05699762747,1.49947468602,0.0
464,-1,0.455769192458,-0.259889928547,1.96811260705,0.0
465,-1,0.455769192458,-0.828158378263,0.196324189367,0.0
466,-1,0.455769192458,-1.87773644187,2.22436789859,0.0
467,-1,0.455769192458,-1.52375182098,-0.550273361558,0.0
468,-1,0.455769192458,-1.0796970605,1.24190653458,0.0
469,-1,0.455769192458,-0.893178887681,1.25053901979,0.0
470,-1,0.455769192458,-0.502151948099,2.51927466652,0.0
471,-1,0.455769192458,-1.75647422259,0.0390546793057,0.0
472,-1,0.455769192458,0.601557175584,0.542157627521,0.0
473,-1,0.455769192458,-2.48400482005,0.633300924904,0.0
474,-1,0.455769192458,-1.24850960431,0.589131298619,0.0
475,-1,0.455769192458,-2.10653669212,-0.00603963860704,0.0
476,-1,0.455769192458,-1.00522852963,-0.299848103411,0.0
477,-1,0.455769192458,-2.61553083735,0.182481023082,0.0
478,-1,0.455769192458,-1.91750846799,0.727678004853,0.0
479,-1,0.455769192458,-0.500381564087,0.99521094178,0.0
480,-1,0.455769192458,-0.838384932376,0.638653216773,0.0
481,-1,0.455769192458,-0.122410294925,-3.81065957521,0.0
482,-1,0.455769192458,-1.09803109563,-2.45266282717,0.0
483,-1,0.455769192458,-0.934681959819,1.79017930756,0.0
484,-1,0.455769192458,-0.257186516551,-1.52920607577,0.0
485,-1,0.455769192458,-1.19336529235,-0.128493414663,0.0
486,-1,0.455769192458,0.142491776911,-3.38555251342,0.0
487,-1,0.455769192458,-1.45208801046,2.14221894231,0.0
488,-1,0.455769192458,-1.38279956901,-5.76182313123,0.0
489,-1,0.455769192458,-0.594822350368,-1.95452202372,0.0
490,-1,0.455769192458,-0.949996605927,0.182184776967,0.0
491,-1,0.455769192458,-1.91203302189,0.441953549101,0.0
492,-1,0.455769192458,-0.883191754652,0.26966252693,0.0
493,-1,0.455769192458,-1.750895493,2.74247884109,0.0
494,-1,0.455769192458,-1.35921392636,1.07241669375,0.0
495,-1,0.455769192458,-0.909546679349,0.0855118131708,0.0
496,-1,0.455769192458,1.51297177296,-1.79001929159,0.0
497,-1,0.455769192458,0.457613803229,-2.70544894998,0.0
498,-1,0.455769192458,-1.31212618522,-3.21352758161,0.0
499,-1,0.455769192458,-1.37608075552,0.498618148501,0.0
500,-0.366284044046,0.455769192458,-5.12177777835,-24.9539121893,22.907793127
501,-1,0.455769192458,-0.53534272315,0.853090480928,0.0
502,-1,0.455769192458,-1.18891292734,0.736040676155,0.0
503,-1,0.455769192458,-0.203435025277,1.76457868757,0.0
504,-1,0.455769192458,-1.39328027429,1.02491718751,0.0
505,-1,0.455769192458,-0.747816954981,1.07861470134,0.0
506,-1,0.455769192458,-1.55237845861,1.11592463084,0.0
507,-1,0.455769192458,-0.489220972803,0.940828206267,0.0
508,-1,0.455769192458,-0.608006755982,-2.80290792837,0.0
509,-1,0.455769192458,-0.909483262329,1.65669680389,0.0
510,-1,0.455769192458,-2.50493978995,1.99677823361,0.0
511,-1,0.455769192458,-1.18731765298,-8.41870983142,0.0
512,-1,0.455769192458,-2.2995970572,2.02140715562,0.0
513,-1,0.455769192458,-0.930352682909,1.25710611693,0.0
514,-1,0.455769192458,-0.623946841195,0.688641566582,0.0
515,-1,0.455769192458,-0.843966529788,0.012210480689,0.0
516,-1,0.455769192458,-1.6525184664,-0.683004566984,0.0
517,-1,0.455769192458,-1.04932588455,-4.11028590459,0.0
518,-1,0.455769192458,-0.261143477721,2.39808511615,0.0
519,-1,0.455769192458,-0.198461820428,-0.931461634504,0.0
520,-1,0.455769192458,-0.895864781949,-2.50269516839,0.0
521,-1,0.455769192458,-0.727741014923,3.35448050679,0.0
522,-1,0.455769192458,-0.996523814489,1.32680233574,0.0
523,-1,0.455769192458,-2.03419764053,1.39558151024,0.0
524,-1,0.455769192458,-1.6353015368,-11.9156661924,0.0
525,-1,0.455769192458,-0.466305427691,2.96354993378,0.0
526,-1,0.455769192458,-0.802929889706,-1.26974211881,0.0
527,-1,0.455769192458,-1.65465600548,-2.39163874011,0.0
528,-1,0.455769192458,-1.36165694971,1.95706006124,0.0
529,-1,0.455769192458,-0.970839910508,0.479513309595,0.0
530,-1,0.455769192458,-2.73378464529,-2.92609813101,0.0
531,-1,0.455769192458,-2.06069274529,-4.2024329206,0.0
532,-1,0.455769192458,-1.06961144052,-9.88945969598,0.0
533,-1,0.455769192458,-0.631831335923,-0.595424770283,0.0
534,-1,0.455769192458,-1.32648000834,0.646288190778,0.0
535,-1,0.455769192458,-1.20874630581,2.0119028072,0.0
536,-1,0.455769192458,-1.75710978655,-5.68499990667,0.0
537,-1,0.455769192458,-1.12455094616,0.829503561435,0.0
538,-1,0.455769192458,-1.09229990401,0.218556164309,0.0
539,-1,0.455769192458,-0.92338513976,-0.444932986272,0.0
540,-1,0.455769192458,-0.423648758936,-1.20121644277,0.0
541,-1,0.455769192458,0.568013426238,-3.3957709458,0.0
542,-1,0.455769192458,-1.1132375875,-1.31824229217,0.0
543,-1,0.455769192458,0.0154507178202,2.32492633112,0.0
544,-1,0.455769192458,3.12644931603,3.04892349981,0.0
545,-1,0.455769192458,1.04380522635,3.18059925899,0.0
546,-1,0.455769192458,0.414865795888,1.55377971976,0.0
547,-1,0.455769192458,-1.79111674218,0.0333336488433,0.0
548,-1,0.455769192458,-3.23761303545,0.295128253172,0.0
549,-1,0.455769192458,-2.0847428949,1.727744195,0.0
550,-1,0.455769192458,-2.3231200955,1.72329164134,0.0
551,-1,0.455769192458,5.25395107621,-0.776002640855,0.0
552,-1,0.455769192458,2.54484317409,1.38777596578,0.0
553,-1,0.455769192458,-3.83000974053,0.94174108788,0.0
554,-1,0.455769192458,2.71692495742,-0.418339793092,0.0
555,-1,0.455769192458,0.605092555987,0.582607166889,0.0
556,-1,0.455769192458,0.508543475563,-0.110597982312,0.0
557,-1,0.455769192458,-1.00817825496,0.334555506224,0.0
558,-1,0.455769192458,-1.20969201661,0.141765224524,0.0
559,-1,0.455769192458,-0.0303936571337,-0.22559468818,0.0
560,-1,0.455769192458,0.0442857567746,0.0104539369649,0.0
561,-1,0.455769192458,0.126232835766,-0.307457856624,0.0
562,-1,0.455769192458,0.0710753821882,1.83227425501,0.0
563,-1,0.455769192458,-2.33127603936,2.62682795434,0.0
564,-1,0.455769192458,-1.36560861374,2.29422924993,0.0
565,-1,0.455769192458,-1.09101087178,2.33829318648,0.0
566,-1,0.455769192458,-0.529056911025,1.62450169109,0.0
567,-1,0.455769192458,-2.46013631978,-1.59798315911,0.0
568,-1,0.455769192458,-0.173693820416,-4.88259591539,0.0
569,-1,0.455769192458,1.28315562316,-1.76746143587,0.0
570,-1,0.455769192458,0.472251672363,-2.77224802068,0.0
571,-1,0.455769192458,0.0883896365974,-1.23206684642,0.0
572,-1,0.455769192458,1.60975700996,-2.44970846382,0.0
573,-1,0.455769192458,-0.03915708852,-2.04539508322,0.0
574,-1,0.455769192458,-0.116634800801,0.248641363367,0.0
575,-1,0.455769192458,1.75072365188,-3.73484938438,0.0
576,-1,0.455769192458,-0.175675504819,-9.39123176098,0.0
577,-1,0.455769192458,0.314410310797,-7.75720191745,0.0
578,-1,0.455769192458,0.566828478421,-4.74033738367,0.0
579,-1,0.455769192458,0.379526018272,-7.47299221661,0.0
580,-1,0.455769192458,0.30424149265,-7.42949319203,0.0
581,-1,0.455769192458,1.68666153034,-2.82513057948,0.0
582,-1,0.455769192458,0.784906513707,-4.29194170251,0.0
583,-1,0.455769192458,-0.109234302487,-5.10636518173,0.0
584,-1,0.455769192458,0.0541869133013,-4.91955721082,0.0
585,-1,0.455769192458,0.0959614923279,-5.69029233974,0.0
586,-1,0.455769192458,0.0251313190362,-4.35693990516,0.0
587,-1,0.455769192458,-1.89169713756,-0.355454831185,0.0
588,-1,0.455769192458,-0.280373423402,-0.919595623372,0.0
589,-1,0.455769192458,-0.663394595425,0.0942911838923,0.0
590,-1,0.455769192458,-2.41570395361,2.97692761895,0.0
591,-1,0.455769192458,-1.42753499292,-0.209495925124,0.0
592,-1,0.455769192458,0.501135175469,0.267942258688,0.0
593,-1,0.455769192458,-1.11397619026,1.37043562461,0.0
594,-1,0.455769192458,-1.66621875909,0.36893346605,0.0
595,-1,0.455769192458,-0.709510104137,0.298379278984,0.0
596,-1,0.455769192458,0.0577435712574,1.61729493434,0.0
597,-1,0.455769192458,-0.919313535932,1.28628347507,0.0
598,-1,0.455769192458,-0.292036308791,-0.0340738354767,0.0
599,-1,0.455769192458,-0.576466746388,-4.27458928027e-07,0.0
600,-1,0.455769192458,-0.443453081561,-0.67767658266,0.0
601,-1,0.455769192458,0.301444552084,-0.667781451808,0.0
602,-1,0.455769192458,0.969693681832,-1.11448694573,0.0
603,-1,0.455769192458,-1.1376601096,-4.55481357579e-09,0.0
604,-1,0.455769192458,-2.02545760144,-0.000173710192341,0.0
605,-1,0.455769192458,-0.779201850883,-0.605233742916,0.0
606,-1,0.455769192458,-2.13214802204,-1.00135759147,0.0
607,-1,0.455769192458,-0.58569004003,-6.16496333822e-07,0.0
608,-1,0.455769192458,-0.575995044204,-0.355283139676,0.0
609,-1,0.455769192458,-1.42022563885,-1.12571802222,0.0
610,-1,0.455769192458,-0.580752794845,-0.168029354209,0.0
611,-1,0.455769192458,-0.607378130402,0.00495072681224,0.0
612,-1,0.455769192458,1.534402306,0.00415957504716,0.0
613,-1,0.455769192458,-0.714257317406,-0.506034965208,0.0
614,-1,0.455769192458,-0.57862620341,-3.59562626102e-07,0.0
615,-1,0.455769192458,1.37716423193,-1.65453831048,0.0
616,-1,0.455769192458,-0.605441004693,-2.94285777991e-07,0.0
617,-1,0.455769192458,0.140991974996,1.90106572581,0.0
618,-1,0.455769192458,-1.39079760938,1.96577350312,0.0
619,-1,0.455769192458,-1.38237604938,1.5807431566,0.0
620,-1,0.455769192458,-1.28631596692,0.143566742281,0.0
621,-1,0.455769192458,0.751650200239,-0.674243345826,0.0
622,-1,0.455769192458,1.61275581473,-0.090210462372,0.0
623,-1,0.455769192458,1.0341523563,0.0474819712826,0.0
624,-1,0.455769192458,-0.350366581699,0.771321804966,0.0
625,-1,0.455769192458,0.724591327814,-4.90279394383,0.0
626,-1,0.455769192458,-1.69718539552,0.60899960181,0.0
627,-1,0.455769192458,-0.131097739028,-2.06630778931,0.0
628,-1,0.455769192458,1.16103024072,-4.26933691717,0.0
629,-1,0.455769192458,-4.160734325,-5.68061660912,0.0
630,-1,0.455769192458,-4.43157490942,-0.312045107851,0.0
631,-1,0.455769192458,2.40945181301,0.274130824345,0.0
632,-1,0.455769192458,-6.01030681206,-1.85912700386,0.0
633,-1,0.455769192458,-2.82505514615,0.972428209146,0.0
634,-1,0.455769192458,-0.199737129023,4.09577274531,0.0
635,-1.0,0.455769192458,-41.5141882875,9.23172499255,9.25894635528
636,-1,0.455769192458,-2.26342242829,-2.77834161995,0.0
637,-1,0.455769192458,1.1764919506,1.99548360333,0.0
638,-1,0.455769192458,3.24707002781,1.13433782561,0.0
639,-1,0.455769192458,-9.96366226777,12.1615829016,0.0
640,-1,0.455769192458,-0.0981693378925,-0.981496468284,0.0
641,-1,0.455769192458,-0.0728999534763,-2.08692610902,0.0
642,-1,0.455769192458,6.29058551051,-5.10514714854,0.0
643,-1,0.455769192458,-1.00105537223,3.5474070943,0.0
644,-1,0.455769192458,-2.24074350474,3.34149240078,0.0
645,-1,0.455769192458,0.0894138756343,-2.09489115213,0.0
646,-1,0.455769192458,-0.346393304209,-2.55466559276,0.0
647,-1,0.455769192458,-1.26128974316,-2.14039500367,0.0
648,-1,0.455769192458,-0.0913076210211,-2.77804062983,0.0
649,-1,0.455769192458,25.3651866354,-9.00293680451,0.0
650,-1,0.455769192458,0.15567472183,5.58108390753,0.0
651,-1,0.455769192458,-0.0637217377286,0.181197053608,0.0
652,-1,0.455769192458,1.2130472168,-2.5852668056,0.0
653,-1,0.455769192458,-0.723335266831,2.20309427502,0.0
654,-1,0.455769192458,-18.2445163025,11.0688777816,0.0
655,-1,0.455769192458,-18.2299445295,13.5897855598,0.0
656,-1,0.455769192458,2.21712156195,-6.03289899261,0.0
657,-1,0.455769192458,-7.6052698477,5.24982508557,0.0
658,-1,0.455769192458,-0.5945258951,-2.54620072403,0.0
659,-1,0.455769192458,-2.24391210734,6.61589432134,0.0
660,-1,0.455769192458,-19.1341423291,-3.09608792427,0.0
661,-1,0.455769192458,-12.4226557755,-2.42458680234,0.0
662,-1,0.455769192458,-2.90567107781,21.7223214736,0.0
663,-1,0.455769192458,-16.3912413578,4.5887092462,0.0
664,-1,0.455769192458,-25.3959208788,1.73237593872,0.0
665,-1,0.455769192458,-36.0994226169,6.52888081739,0.0
666,-1,0.455769192458,-13.6755683655,-5.58131155662,0.0
667,-1,0.455769192458,-0.982243413695,5.61065997421,0.0
668,-1,0.455769192458,-8.89202891103,0.426745645661,0.0
669,-1,0.455769192458,-8.72565276905,2.61509618557,0.0
670,-1,0.455769192458,-23.9714587823,0.736217776399,0.0
671,-1,0.455769192458,-1.33017008467,-1.70242503725,0.0
672,-1,0.455769192458,-1.13246968059,2.18615071063,0.0
673,-1,0.455769192458,-16.7535147108,1.51387982896,0.0
674,-1,0.455769192458,-1.60567059122,-4.18243783642,0.0
675,-1,0.455769192458,-11.9961425202,-1.23249332741,0.0
676,-1,0.455769192458,-6.17148524743,-2.85943177209,0.0
677,-1,0.455769192458,-8.81308162569,1.94157220166,0.0
678,-1,0.455769192458,-2.98404482133,11.1324541542,0.0
679,-1,0.455769192458,-1.25388046984,-2.76314274121,0.0
680,-1,0.455769192458,0.0924418003663,2.88185540033,0.0
681,-1,0.455769192458,-0.566031175361,-4.10631407158,0.0
682,-1,0.455769192458,0.856595412561,13.532010831,0.0
683,-1,0.455769192458,-2.00679111194,-3.52750003084,0.0
684,-1,0.455769192458,2.57437493404,27.5908576332,0.0
685,-1,0.455769192458,-0.631147229356,21.6665239762,0.0
686,-1,0.455769192458,-4.76231383889,0.689987279621,0.0
687,-1,0.455769192458,-0.320887793437,3.9292640021,0.0
688,-1,0.455769192458,-1.26138430469,8.2793529439,0.0
689,-1,0.455769192458,0.479674884247,1.23709357702,0.0
690,-1,0.455769192458,-4.31978980765,1.37291494671,0.0
691,-1,0.455769192458,0.0819699750508,2.07545452843,0.0
692,-1,0.455769192458,2.81733293177,1.26818494424,0.0
693,-1,0.455769192458,-5.56594091399,1.61741886449,0.0
694,-1,0.455769192458,-1.07995073739,5.69268741516,0.0
695,-1,0.455769192458,3.12026372149,0.304217164039,0.0
696,-1,0.455769192458,0.837720020217,7.02289111098,0.0
697,-1,0.455769192458,-2.02639879612,3.16276321825,0.0
698,-1,0.455769192458,-3.49288450352,-0.812955756198,0.0
699,-1,0.455769192458,-0.548928569275,1.68981021966,0.0
700,-1,0.455769192458,3.86703174885,3.54454726976,0.0
701,-1,0.455769192458,0.786529127481,1.67960016204,0.0
702,-1,0.455769192458,3.74697735728,1.98913079812,0.0
703,-1,0.455769192458,0.0162622745278,1.83905280925,0.0
704,-1,0.455769192458,0.360203380108,3.17763062167,0.0
705,-1,0.455769192458,-0.414261387348,1.82646543493,0.0
706,-1,0.455769192458,0.142804021035,4.01026105531,0.0
707,-1,0.455769192458,0.813538460109,2.40931039875,0.0
708,-1,0.455769192458,2.23844160435,2.16599562218,0.0
709,-1,0.455769192458,2.47209689274,1.12388071871,0.0
710,-1,0.455769192458,0.0751886038621,1.75511573279,0.0
711,-1,0.455769192458,-8.72915871994,1.50829409292,0.0
712,-1,0.455769192458,-0.407933541752,1.14858584889,0.0
713,-1,0.455769192458,-7.51208351358,-2.10337039803,0.0
714,-1,0.455769192458,-2.10269820421,-1.38729773093,0.0
715,-1,0.455769192458,-4.6791437199,0.327830448807,0.0
716,-1,0.455769192458,-1.62204248321,0.470054262647,0.0
717,-1,0.455769192458,-2.38181639909,-1.42753228127,0.0
718,-1,0.455769192458,-1.58862723196,-1.6896799451,0.0
719,-1,0.455769192458,-2.73464094781,-0.727243090087,0.0
720,-1,0.455769192458,-1.73053487162,1.25931827434,0.0
721,-1,0.455769192458,1.95927667813,-1.7049861427,0.0
722,-1,0.455769192458,-1.58975197871,1.44856082529,0.0
723,-1,0.455769192458,-1.39993306994,1.06945814644,0.0
724,-1,0.455769192458,-0.850653004866,0.509979509108,0.0
725,-1,0.455769192458,-2.67169008962,-0.408194417601,0.0
726,-1,0.455769192458,-4.2186921544,-1.09585107931,0.0
727,-1,0.455769192458,-1.70718566994,-0.914946755383,0.0
728,-1,0.455769192458,-1.53061407987,-0.835641520381,0.0
729,-1,0.455769192458,-0.350078069735,0.259792389877,0.0
730,-1,0.455769192458,0.138878915265,2.1303448904,0.0
731,-1,0.455769192458,-1.61916512715,-0.570887086821,0.0
732,-1,0.455769192458,0.250146343084,0.955376088212,0.0
733,-1,0.455769192458,-2.10125388249,1.13226025429,0.0
734,-1,0.455769192458,-2.75468605237,0.3850237314,0.0
735,-1,0.455769192458,-1.89948081123,0.537258126303,0.0
736,-1,0.455769192458,-1.86804082136,0.776854003432,0.0
737,-1,0.455769192458,-2.21647351599,0.960584809155,0.0
738,-1,0.455769192458,-2.04334135786,-0.026713455621,0.0
739,-1,0.455769192458,-2.63326217852,1.59298635694,0.0
740,-1,0.455769192458,-2.23105141584,0.963566905514,0.0
741,-1,0.455769192458,0.877073496538,0.765338095038,0.0
742,-1,0.455769192458,-0.0752288557849,1.58026358049,0.0
743,-1,0.455769192458,3.0179636198,0.890036214707,0.0
744,-1,0.455769192458,-2.65837633352,-1.41734696187,0.0
745,-1,0.455769192458,-0.154391288719,-0.234189392096,0.0
746,-1,0.455769192458,-0.068743901139,1.81972551517,0.0
747,-1,0.455769192458,-2.74620187143,0.757817544334,0.0
748,-1,0.455769192458,2.07840543156,0.43037528615,0.0
749,-1,0.455769192458,-1.29267454967,1.18113427029,0.0
750,-1,0.455769192458,-3.13402979428,-0.621606321223,0.0
751,-1,0.455769192458,-2.0733682499,-1.07278334846,0.0
752,-1,0.455769192458,-2.56128926173,4.56378308247,0.0
753,-1,0.455769192458,-1.29480852565,-0.506114915222,0.0
754,-1,0.455769192458,-1.91124630493,-0.605691433523,0.0
755,-1,0.455769192458,6.62445104456,0.791048207347,0.0
756,-1,0.455769192458,-1.70788951242,0.0997644094898,0.0
757,-1,0.455769192458,-2.78060377126,2.30792616706,0.0
758,-1,0.455769192458,-0.173274772813,1.7484596174,0.0
759,-1,0.455769192458,-0.746908287151,1.38949304478,0.0
760,-1,0.455769192458,-1.27926958714,1.93438513721,0.0
761,-1,0.455769192458,0.672088501486,1.0269171737,0.0
762,-1,0.455769192458,-1.85338522606,0.945164553363,0.0
763,-1,0.455769192458,-1.78790633295,0.419555190116,0.0
764,-1,0.455769192458,0.452576423104,0.726348166576,0.0
765,-1,0.455769192458,-4.54424126683,0.633651006629,0.0
766,-1,0.455769192458,-4.1462028762,1.13624513063,0.0
767,-1,0.455769192458,-1.38241029222,0.435079322976,0.0
768,-1,0.455769192458,-1.21673544823,0.928782308594,0.0
769,-1,0.455769192458,3.52519044509,2.67618923082,0.0
770,-1,0.455769192458,0.166507785909,0.766297904713,0.0
771,-1,0.455769192458,-0.69241453923,0.398016318298,0.0
772,-1,0.455769192458,-0.675236182854,0.726621939265,0.0
773,-1,0.455769192458,-0.560444950814,0.957406808576,0.0
774,-1,0.455769192458,1.10525705536,1.2879133509,0.0
775,-1,0.455769192458,-0.0721114096058,1.96843990136,0.0
776,-1,0.455769192458,0.965772495305,1.80213508913,0.0
777,-1,0.455769192458,-1.87821807106,0.720448073204,0.0
778,-1,0.455769192458,-1.12545675381,0.320134442003,0.0
779,-1,0.455769192458,-0.124230303293,1.99701414936,0.0
780,-1,0.455769192458,2.06561701411,1.55439560897,0.0
781,-1,0.455769192458,-1.2292469632,0.503337276381,0.0
782,-1,0.455769192458,-1.13688047514,1.37677307291,0.0
783,-1,0.455769192458,2.44544927654,-1.28697101314,0.0
784,-1,0.455769192458,-0.899321530852,-1.47682363296,0.0
785,-1,0.455769192458,0.0145784096389,1.26752365791,0.0
786,-1,0.455769192458,-2.45931752279,-1.31704391814,0.0
787,-1,0.455769192458,-1.12435514287,-0.447839247762,0.0
788,-1,0.455769192458,-6.21057756138,-0.482978576055,0.0
789,-1,0.455769192458,-4.68692390341,1.00658389761,0.0
790,-1,0.455769192458,4.2035716493,0.749382994608,0.0
791,-1,0.455769192458,-1.94635281831,-0.692815842348,0.0
792,-1,0.455769192458,1.66543968223,0.526707005736,0.0
793,-1,0.455769192458,1.38748110069,0.435166234569,0.0
794,-1,0.455769192458,3.39540998556,0.718693861177,0.0
795,-1,0.455769192458,0.678407193944,1.60202319159,0.0
796,-1,0.455769192458,-6.81469662636,-3.50207112433,0.0
797,-1,0.455769192458,-1.99256338376,1.67751608572,0.0
798,-1,0.455769192458,4.69149881088,0.857160567407,0.0
799,-1,0.455769192458,-8.04189566726,0.565095618398,0.0
800,-1,0.455769192458,-2.13476102393,-0.551156003353,0.0
801,-1,0.455769192458,-2.04103164508,0.492940574326,0.0
802,-1,0.455769192458,-5.84865806149,-0.307361318886,0.0
803,-1,0.455769192458,0.521767888332,0.51548524278,0.0
804,-1,0.455769192458,-1.0575745056,1.29231413922,0.0
805,-1,0.455769192458,1.3929445722,-0.446792684301,0.0
806,-1,0.455769192458,1.64453199944,1.76241888374,0.0
807,-1,0.455769192458,-1.13044178029,2.14844596106,0.0
808,-1,0.455769192458,-1.89253602375,0.376153017378,0.0
809,-1,0.455769192458,-1.95655837399,0.0636414553935,0.0
810,-1,0.455769192458,-2.77597106232,0.599681343786,0.0
811,-1,0.455769192458,-1.96381716386,0.85537093012,0.0
812,-1,0.455769192458,-2.87600147435,0.829144333655,0.0
813,-1,0.455769192458,0.503901200007,-1.73783061568,0.0
814,-1,0.455769192458,-2.34089954434,-0.782521794415,0.0
815,-1,0.455769192458,-2.00998529416,3.76382171193e-08,0.0
816,-1,0.455769192458,-2.56291979062,-0.374301824573,0.0
817,-1,0.455769192458,-3.0092364153,-0.32298447435,0.0
818,-1,0.455769192458,-2.38582914006,0.853391184595,0.0
819,-1,0.455769192458,0.505673502691,-0.199178102327,0.0
820,-1,0.455769192458,-0.985430604226,-1.01489023924,0.0
821,-1,0.455769192458,0.843896779179,0.159702185027,0.0
822,-1,0.455769192458,-1.74259351529,0.116837122173,0.0
823,-1,0.455769192458,2.28309930402,-0.150119291618,0.0
824,-1,0.455769192458,-2.02103644287,0.556363509151,0.0
825,-1,0.455769192458,-0.718885282216,-0.0586996377043,0.0
826,-1,0.455769192458,0.647147495163,-0.283731641196,0.0
827,-1,0.455769192458,-2.89356735391,0.974596700229,0.0
828,-1,0.455769192458,-2.20615206442,0.821409545459,0.0
829,-1,0.455769192458,-1.76092813826,2.07016687498,0.0
830,-1,0.455769192458,-2.26516464632,0.475776391736,0.0
831,-1,0.455769192458,-3.48775063679,-0.859747738363,0.0
832,-1,0.455769192458,-2.48831502137,-0.395814338583,0.0
833,-1,0.455769192458,-1.91628158216,-9.80595628704e-06,0.0
834,-1,0.455769192458,-2.49467149954,1.03592374773,0.0
835,-1,0.455769192458,-2.37102069273,-1.69705499875,0.0
836,-1,0.455769192458,-1.7929706233,-8.91367257856e-07,0.0
837,-1,0.455769192458,-1.98005701155,-0.0358299054757,0.0
838,-1,0.455769192458,-1.0069964407,-1.07347900733,0.0
839,-1,0.455769192458,-2.08373749321,-0.00634048569184,0.0
840,-1,0.455769192458,1.45035099359,-0.28215007952,0.0
841,-1,0.455769192458,-1.6505245037,0.000163327528509,0.0
842,-1,0.455769192458,-1.8666330043,-0.00752260843474,0.0
843,-1,0.455769192458,1.96689762177,1.45783732853,0.0
844,-1,0.455769192458,-1.83603625539,-0.0208610266793,0.0
845,-1,0.455769192458,-1.55397014458,0.026461529038,0.0
846,-1,0.455769192458,-0.421862336238,1.66444492667,0.0
847,-1,0.455769192458,-0.514134410057,0.13954194383,0.0
848,-1,0.455769192458,1.72986232194,-0.385803182294,0.0
849,-1,0.455769192458,5.04391244845,1.81066522509,0.0
850,-1,0.455769192458,2.30556665051,1.00307582575,0.0
851,-1,0.455769192458,0.280126261263,1.22673693307,0.0
852,-1,0.455769192458,-0.162539602719,-1.26927939391,0.0
853,-1,0.455769192458,-0.890639921681,-1.27487331898,0.0
854,-1,0.455769192458,-3.0337597,-1.62907709917,0.0
855,-1,0.455769192458,-0.935708749132,-0.456336958315,0.0
856,-1,0.455769192458,-1.42701398852,0.672623366336,0.0
857,-1,0.455769192458,-0.85215792134,0.0156457958354,0.0
858,-1,0.455769192458,-2.55719022989,0.255894939657,0.0
859,-1,0.455769192458,-0.396710554727,1.29170626886,0.0
860,-1,0.455769192458,0.804096463919,-0.118621622234,0.0
861,-1,0.455769192458,-0.415099521875,0.962410248057,0.0
862,-1,0.455769192458,0.617605776019,1.9081482934,0.0
863,-1,0.455769192458,0.146278894658,-1.0184217646,0.0
864,-1,0.455769192458,2.88403340177,0.0369479824313,0.0
865,-1,0.455769192458,-0.00988164895676,-1.09786422619,0.0
866,-1,0.455769192458,3.55606860496,2.21774482831,0.0
867,-1,0.455769192458,3.62819080607,1.62862159325,0.0
868,-1,0.455769192458,3.37216344478,0.802005002624,0.0
869,-1,0.455769192458,1.08950642068,0.676581418888,0.0
870,-1,0.455769192458,-1.09731790311,0.540867686185,0.0
871,-1,0.455769192458,-1.88899729571,-0.234733800885,0.0
872,-1,0.455769192458,-1.9183355127,2.17585694623,0.0
873,-1,0.455769192458,0.473247766969,2.70438880935,0.0
874,-1,0.455769192458,0.0979119471638,0.728420234196,0.0
875,-1,0.455769192458,-3.27149756668,1.48404945969,0.0
876,-1,0.455769192458,-10.0105298048,-1.65882625555,0.0
877,-1,0.455769192458,0.872890568496,10.3000903687,0.0
878,-1,0.455769192458,0.527250696887,2.6399674649,0.0
879,-1,0.455769192458,-1.85757651429,3.42492896926,0.0
880,-1,0.455769192458,-4.339863869,5.88282714763,0.0
881,-1,0.455769192458,0.706451338997,1.30480600099,0.0
882,-1,0.455769192458,5.38515177593,-0.222069083794,0.0
883,-1,0.455769192458,-3.16329677745,-0.418194410095,0.0
884,-1,0.455769192458,-3.14349170439,-1.1610881643,0.0
885,-1,0.455769192458,-3.10177328064,3.31974117457,0.0
886,-1,0.455769192458,-6.09751321959,-1.10014819664,0.0
887,-1,0.455769192458,-4.02411470122,3.13790750929,0.0
888,-1.0,0.455769192458,29.0491150074,-32.3213667004,7.23623147923
889,-1,0.455769192458,2.01548256978,1.50016362375,0.0
890,-1,0.455769192458,1.86533005465,3.02357662788,0.0
891,-1,0.455769192458,0.807420497019,3.60046934533,0.0
892,-1,0.455769192458,-1.22124882795,3.69310183287,0.0
893,-1,0.455769192458,6.12252999614,-15.5472016763,0.0
894,-1,0.455769192458,-4.67881172247,0.27207395896,0.0
895,-1,0.455769192458,-1.54919459665,0.0237378737566,0.0
896,-1,0.455769192458,-2.29219690415,0.00837077250673,0.0
897,-1,0.455769192458,-0.896121341357,0.363604825528,0.0
898,-1,0.455769192458,0.69408070902,-3.17301844199,0.0
899,-1,0.455769192458,0.909030108462,1.23801336095,0.0
900,-1,0.455769192458,-1.71992469827,1.32161537335,0.0
901,-1,0.455769192458,-1.05282194376,1.67177610604,0.0
902,-1,0.455769192458,-5.2870733246,3.82602942222,0.0
903,-1,0.455769192458,-5.30282771569,0.906905946114,0.0
904,-1,0.455769192458,1.0563867151,0.891741953107,0.0
905,-1,0.455769192458,-4.51828736552,4.22828521958,0.0
906,-1,0.455769192458,-5.87335677213,3.15273129055,0.0
907,-1,0.455769192458,-2.23073845397,-0.44877617515,0.0
908,-1,0.455769192458,-3.58552295411,2.69463425973,0.0
909,-1.0,0.455769192458,23.2954586686,-10.5106818625,11.5295204723
910,-1,0.455769192458,0.856430011268,7.16290579411,0.0
911,-1,0.455769192458,-2.9947050461,-1.66493768823,0.0
912,-1,0.455769192458,3.32091977842,2.14608706854,0.0
913,-1,0.455769192458,-1.22452193624,-0.298319257493,0.0
914,-1,0.455769192458,3.7488071911,-1.29144464415,0.0
915,-1.0,0.455769192458,16.1208145964,-56.1449543308,5.50583191611
916,-1,0.455769192458,0.876695755055,-1.39857806128,0.0
917,-1,0.455769192458,0.197172022792,-1.66507893905,0.0
918,-1,0.455769192458,0.010730972627,-2.44051840024,0.0
919,-1,0.455769192458,-1.26026569812,0.551335733429,0.0
920,-1,0.455769192458,1.88799638548,0.701584954969,0.0
921,-1,0.455769192458,1.56421299932,-7.19807256273,0.0
922,-1,0.455769192458,-6.31721522627,5.58782232585,0.0
923,-1,0.455769192458,-3.15003394126,-1.59198082644,0.0
924,-1,0.455769192458,0.899764864941,-1.17638838369,0.0
925,-1,0.455769192458,0.816563065051,0.879035209503,0.0
926,-1,0.455769192458,-5.34613381075,-0.178681904776,0.0
927,-1,0.455769192458,1.59635205,-0.476387225266,0.0
928,-1,0.455769192458,4.83645799017e-05,1.99947628227,0.0
929,-1,0.455769192458,-3.06464862402,2.52450330545,0.0
930,-1,0.455769192458,-0.715942658929,1.04247155819,0.0
931,-1,0.455769192458,-3.91230743878,3.49344992741,0.0
932,-1,0.455769192458,-3.00426209816,0.715769240956,0.0
933,-1,0.455769192458,-0.971966592447,2.50325524672,0.0
934,-1,0.455769192458,-2.50531258715,1.5440431886,0.0
935,-1,0.455769192458,0.091232299754,1.58658260696,0.0
936,-1,0.455769192458,3.19164293257,2.33441006303,0.0
937,-1,0.455769192458,-0.688068007891,1.09641722273,0.0
938,-1,0.455769192458,-1.41905806598,2.24253156344,0.0
939,-1,0.455769192458,-1.85637220902,0.379876214268,0.0
940,-1,0.455769192458,5.12813883141e-05,1.98752768653,0.0
941,-1,0.455769192458,-2.35938370265,3.41569542759,0.0
942,-1,0.455769192458,-3.80284941901,1.65542951265,0.0
943,-1,0.455769192458,-2.4760043289,1.45947772977,0.0
944,-1,0.455769192458,2.58335836539e-05,1.99637067779,0.0
945,-1,0.455769192458,-1.23517806771,0.761388408183,0.0
946,-1,0.455769192458,-2.86060780726,0.997731152708,0.0
947,-1,0.455769192458,-5.52265262557,3.66347744291,0.0
948,-1,0.455769192458,-0.217269368914,1.89393992159,0.0
949,-1,0.455769192458,1.37113330199,0.255844825979,0.0
950,-1,0.455769192458,-1.59329008267,4.01000484562,0.0
951,-1,0.455769192458,1.83230113472,1.91088714511,0.0
952,-1,0.455769192458,2.38153382856e-05,2.00463563591,0.0
953,-1,0.455769192458,-2.54352972624,1.8296581752,0.0
954,-1,0.455769192458,-4.27291021209,2.98592959247,0.0
955,-1,0.455769192458,-1.54735260722,4.06987657097,0.0
956,-1,0.455769192458,2.67726742922,2.39190364431,0.0
957,-1,0.455769192458,0.100610631231,1.98686050084,0.0
958,-1,0.455769192458,-1.32175409554,1.92983793007,0.0
959,-1,0.455769192458,5.28716098539e-05,2.00535503225,0.0
960,-1,0.455769192458,-4.00141613121,0.339395216087,0.0
961,-1,0.455769192458,2.78046059032,2.22962230827,0.0
962,-1,0.455769192458,-2.11103396938,0.283709806978,0.0
963,-1,0.455769192458,2.77501307866,2.45291246107,0.0
964,-1,0.455769192458,-3.02046373965,0.32866756296,0.0
965,-1,0.455769192458,-3.03248770186,0.294177027367,0.0
966,-1,0.455769192458,-3.02589739402,0.290264956228,0.0
967,-1,0.455769192458,-1.01418058454,0.660690144144,0.0
968,-1,0.455769192458,1.45813913916,2.2628737154,0.0
969,-1,0.455769192458,-2.7087107289,0.369843780535,0.0
970,-1,0.455769192458,-2.9242426574,0.332597190117,0.0
971,-1,0.455769192458,-3.00746919858,0.287933760564,0.0
972,-1,0.455769192458,-2.98813634656,0.303276822059,0.0
973,-1,0.455769192458,1.52564958824,2.16992357206,0.0
974,-1,0.455769192458,-1.86482179713,0.910980601956,0.0
975,-1,0.455769192458,1.75022881903,2.15596178177,0.0
976,-1,0.455769192458,1.74110201251,2.17364259776,0.0
977,-1,0.455769192458,-3.14511111338,0.257309210934,0.0
978,-1,0.455769192458,-2.79505958942,0.299552615502,0.0
979,-1,0.455769192458,-5.28451932059,0.232236319965,0.0
980,-1,0.455769192458,-2.9542481957,0.33390463609,0.0
981,-1,0.455769192458,-3.18104933698,0.291111711179,0.0
982,-1,0.455769192458,2.63047519557,-1.27108849234,0.0
983,-1,0.455769192458,-1.72683077149,2.53162521799,0.0
984,-1,0.455769192458,-0.974274122976,-0.669042794374,0.0
985,-1,0.455769192458,-0.396657739991,-0.21956179635,0.0
986,-1,0.455769192458,-0.0912099601177,-0.140600870186,0.0
987,-1,0.455769192458,-1.2313000537,-0.542583842677,0.0
988,-1,0.455769192458,-1.17961575328,-0.204933418111,0.0
989,-1,0.455769192458,-0.000649412204313,9.71126869256e-06,0.0
990,-1,0.455769192458,0.225409615809,-7.20099246434e-08,0.0
991,-1,0.455769192458,-0.645886983802,0.58081244841,0.0
992,-1,0.455769192458,-0.626922383394,0.5568686158,0.0
993,-1,0.455769192458,0.159099240643,-0.493937962777,0.0
994,-1,0.455769192458,-0.789938134996,-1.0584120892,0.0
995,-1,0.455769192458,-0.620923599496,1.01735908979,0.0
996,-1,0.455769192458,-0.287193399621,-5.68694156757e-07,0.0
997,-1,0.455769192458,-0.493572919773,0.449403689236,0.0
998,-1,0.455769192458,-1.05582596298,0.332270775558,0.0
999,-1,0.455769192458,-0.478055740296,-9.88441550011e-06,0.0
1000,-1,0.455769192458,-0.719180137388,-0.394612840336,0.0
